U:  [-2.30477236e-10  5.95986813e-04  1.74403710e+01]
Mo:  [-2.27585995e-10  4.93721169e-04  1.50868623e+01]
Xe:  [-2.17761414e-10  5.06679419e-04  1.42744339e+01]
